2,114
2,113
2,112
2,111
2,110
2,109
2,108
2,107
2,106
2,105
2,104
2,103
2,102
2,101
2,100
2,99
2,98
2,97
2,96
2,95
2,94
2,93
2,92
2,91
2,90
2,89
2,88
2,87
2,86
2,85
2,84
2,83
2,82
2,81
2,79
2,73
2,72
2,70
2,69
2,68
2,67
2,66
2,33
2,32
2,30
2,29
2,25
2,24
2,23
2,19
2,18
2,17
2,11
2,10
2,9
2,8
2,7
2,6
2,3
1,8
1,7
1,6
1,5
1,4
1,3
0,625
0,619
0,610
0,557
0,532
0,530
0,522
0,504
0,503
0,496
0,483
0,474
0,471
0,468
0,461
0,460
0,458
0,457
0,456
0,451
0,449
0,448
0,444
0,424
0,368
0,345
0,322
0,9
0,0
0,1
0,620
0,600
0,506
0,475
0,459
0,455
0,450
0,446
0,400
0,517
0,519
0,543
0,612
0,558
0,624
0,613
0,453
0,476
0,527
0,300
0,565
0,299
0,538
0,298
0,596
0,297
0,580
0,296
0,606
0,295
0,336
0,294
0,293
0,638
0,292
0,592
0,291
0,352
0,290
0,309
0,289
0,534
0,288
0,327
0,287
0,359
0,286
0,587
0,285
0,526
0,284
0,595
0,283
0,541
0,282
0,564
0,281
0,511
0,280
0,573
0,279
0,535
0,278
0,604
0,277
0,569
0,276
0,603
0,275
0,583
0,274
0,602
0,273
0,531
0,272
0,582
0,271
0,525
2,115
2,116
2,119
2,120
2,123
2,125
2,127
2,129
2,130
4,3
5,0
5,3
5,5
5,6
5,8
5,9
6,5
6,6
6,8
6,10
6,11
6,13
6,14
6,16
6,18
6,19
6,21
6,22
7,5
7,7
7,10
7,13
7,15
7,18
7,20
8,5
8,8
8,9
8,13
8,14
8,17
8,19
8,22
8,25
9,0
9,3
9,4
10,1
17,0
17,1
17,5
18,0
18,3
23,0
23,1
23,4
23,5
24,1
24,3
24,5
25,1
25,3
25,5
26,0
26,3
26,5
26,6
26,11
26,14
33,1
33,3
34,0
34,3
35,0
35,3
35,5
37,1
37,4
37,5
38,1
38,3
38,7
39,0
39,3
39,5
39,6
40,1
40,3
41,0
41,3
41,4
42,0
42,1
43,0
43,3
43,4
44,1
44,3
44,7
45,0
45,3
46,0
46,1
46,4
58,0
58,3
59,1
59,3
59,5
59,6
61,1
61,3
61,6
61,10
61,11
67,1
67,3
67,5
67,9
67,10
67,13
67,15
67,18
67,20
67,23
67,26
67,28
67,31
67,32
67,36
67,39
67,40
68,1
68,3
68,6
69,0
69,3
70,0
70,1
71,0
71,1
72,0
72,3
72,4
118,1
118,3
120,0
120,3
120,4
126,0
126,1
126,4
126,5
138,1
142,0
142,1
142,4
143,0
143,3
143,7
144,0
144,3
144,4
147,0
147,1
147,4
147,6
147,8
147,11
147,13
147,16
148,6
155,0
155,3
218,1
218,4
218,5
219,2
219,5
220,0
220,4
220,5
221,1
221,4
222,0
222,3
222,5
223,2
223,5
223,7
224,0
224,2
225,0
225,1
225,4
226,2
226,3
227,0
227,2
227,5
228,2
228,4
229,2
229,4
229,7
229,8
230,3
231,1
231,2
232,0
232,2
232,5
233,0
233,2
234,0
234,2
234,5
234,6
235,3
235,6
236,0
236,4
236,5
237,1
237,5
237,6
238,1
238,3
238,6
239,1
239,4
239,7
240,1
241,0
241,1
241,4
242,3
242,4
243,2
243,4
244,2
244,5
245,1
245,4
246,0
246,3
246,4
247,3
248,1
248,2
249,0
249,1
249,4
250,0
250,2
251,1
251,3
252,0
252,2
253,0
253,3
253,4
254,3
254,4
255,2
255,6
256,0
256,3
257,0
257,3
258,0
258,3
259,1
259,3
260,1
260,2
261,0
261,4
262,0
262,3
263,0
263,3
264,1
264,3
265,1
265,3
266,1
266,2
267,0
267,2
267,3
268,2
268,4
269,2
269,5
270,1
270,4
271,0
271,4
271,5
272,2
273,0
273,2
274,0
274,2
275,0
275,3
276,0
276,3
276,5
277,2
277,3
277,6
278,1
278,2
278,5
278,7
279,2
279,5
279,7
280,2
280,4
281,1
281,4
281,6
282,2
282,3
282,6
283,1
284,0
284,3
284,5
284,8
285,1
285,4
285,7
286,0
286,2
286,3
287,0
287,1
287,3
288,0
288,1
288,3
288,4
289,1
289,3
289,4
289,6
289,7
290,1
290,2
290,4
290,6
290,7
291,1
291,2
291,4
291,6
291,7
292,0
292,1
292,3
292,4
293,1
293,3
293,4
294,1
294,2
294,4
294,6
295,0
295,2
295,3
296,0
296,2
296,3
296,5
297,0
297,2
297,3
297,5
298,1
298,2
298,4
298,5
299,1
299,3
299,4
300,1
300,2
300,4
301,0
301,2
301,4
301,5
302,1
302,2
302,4
302,6
303,0
303,2
303,3
303,5
304,0
304,2
304,4
304,5
305,0
305,1
305,3
305,5
305,6
306,1
306,2
306,4
307,0
307,1
307,3
307,4
308,1
308,2
308,4
309,1
309,2
309,4
309,5
309,7
310,1
310,2
310,4
310,5
310,7
310,8
311,0
311,2
311,3
311,5
311,6
312,1
312,3
312,4
312,6
313,0
313,2
313,3
313,5
314,0
314,1
314,3
314,4
314,6
315,0
315,1
315,3
315,4
316,1
316,2
316,4
316,6
316,7
317,1
317,2
317,4
317,6
318,0
318,2
318,3
319,0
319,2
319,3
319,5
319,6
320,1
320,2
320,4
321,1
321,2
321,4
322,0
322,2
322,4
322,5
323,1
323,2
324,0
324,1
324,3
325,0
325,1
325,3
325,4
325,6
325,8
326,0
326,2
326,3
326,5
327,0
327,2
327,4
328,0
328,2
328,3
329,0
329,2
329,3
330,0
330,1
330,3
331,0
331,1
331,3
331,4
332,0
332,1
332,3
332,5
332,6
333,0
333,1
333,3
333,5
334,0
334,2
334,3
334,5
335,0
335,2
335,4
335,5
336,0
336,1
336,3
336,5
336,6
337,1
337,2
337,4
338,0
338,2
338,4
339,0
339,2
339,3
339,5
340,0
340,1
340,3
340,4
341,1
341,2
341,4
341,6
341,7
342,1
342,2
342,4
343,1
343,2
343,4
343,5
344,1
344,3
344,4
345,0
345,1
345,3
345,4
346,0
346,2
346,3
347,0
347,1
347,3
348,0
348,1
348,3
348,4
349,0
349,1
349,3
349,5
349,6
350,1
350,2
350,4
351,0
351,1
351,3
351,4
352,1
352,2
352,4
352,6
353,0
353,2
353,3
353,5
353,7
353,8
354,1
354,2
354,4
355,0
355,1
355,3
355,4
356,1
356,2
356,4
357,1
357,2
357,4
357,5
358,1
358,3
358,4
359,1
359,2
359,4
360,0
360,2
360,4
361,0
361,2
361,3
361,5
362,1
362,2
362,4
362,5
363,0
363,1
363,3
363,5
364,0
364,2
364,3
364,5
365,0
365,1
365,3
365,4
366,0
366,2
366,3
366,5
366,6
367,1
367,2
367,4
368,0
368,1
368,3
368,4
369,0
369,2
369,3
370,0
370,1
370,3
370,4
370,6
371,1
371,2
371,4
372,0
372,2
373,0
373,1
373,3
373,4
373,6
374,0
374,2
374,4
374,5
375,1
375,2
375,4
376,1
376,2
376,4
377,0
377,2
377,3
377,5
378,1
378,2
378,4
378,5
379,1
379,3
379,4
380,1
380,2
380,4
381,1
381,2
381,4
381,5
382,1
382,2
383,0
383,2
383,3
384,0
384,1
384,3
384,5
384,6
385,1
385,2
385,4
385,5
386,0
386,2
386,3
386,5
387,0
387,2
387,4
387,5
388,0
388,1
388,3
388,4
389,0
389,2
389,3
389,5
389,6
389,8
390,1
390,2
390,4
391,0
391,2
391,4
392,0
392,2
392,3
392,5
392,6
393,1
393,3
393,4
393,6
394,0
394,2
394,4
394,5
395,0
395,1
395,3
395,4
396,1
396,3
396,4
397,0
397,1
397,3
398,0
398,1
398,3
398,4
399,1
399,2
399,4
399,6
400,0
400,2
400,3
400,5
401,1
401,2
401,4
402,0
402,2
402,3
402,5
403,1
403,2
403,4
403,5
404,0
404,2
404,3
404,5
405,0
405,2
405,4
405,5
406,0
406,1
406,3
406,4
407,0
407,2
407,3
407,5
407,6
408,1
408,3
408,4
408,6
408,7
409,0
409,1
409,3
410,0
410,1
410,3
410,4
410,6
411,1
411,2
411,4
411,5
412,1
412,2
412,4
413,1
413,2
413,4
414,0
414,2
414,4
414,5
414,7
415,0
415,2
416,0
416,1
416,3
416,4
417,1
417,2
417,4
418,1
418,2
418,4
418,5
419,0
419,2
419,3
420,0
420,1
420,3
420,4
421,1
421,3
421,4
422,1
422,2
422,4
422,6
422,7
423,1
423,2
423,4
424,0
424,2
424,4
424,5
425,1
425,2
425,4
426,1
426,2
426,4
426,5
428,1
428,2
428,4
428,6
428,7
428,9
429,0
429,2
430,0
430,1
430,3
431,0
431,2
432,0
432,1
432,3
433,0
433,2
433,3
434,1
434,3
435,0
435,2
435,3
436,1
436,3
437,0
437,2
437,3
438,1
438,2
439,0
439,2
439,3
440,1
440,2
440,4
440,6
441,0
441,2
441,3
442,0
442,1
442,3
442,5
442,6
442,8
442,9
442,11
443,1
443,2
443,4
443,5
444,0
444,2
444,3
444,5
444,6
445,1
445,2
445,4
446,1
446,2
446,4
446,5
447,1
447,3
447,4
447,6
448,0
448,2
448,3
448,5
449,1
449,2
449,4
449,5
450,1
450,3
450,4
451,1
451,2
451,4
451,5
452,1
452,3
453,0
453,2
453,3
453,5
453,7
454,0
454,2
454,3
455,1
455,3
456,0
456,2
456,3
456,5
456,6
457,1
457,3
457,4
457,6
458,0
458,2
458,4
459,0
459,2
459,3
459,5
459,6
460,0
460,2
460,3
461,1
461,2
461,4
462,1
462,2
462,4
462,5
463,0
463,1
463,3
463,5
463,6
464,1
464,2
464,4
464,6
465,0
465,2
465,3
466,0
466,1
466,3
466,5
467,0
467,2
467,3
467,5
468,1
468,2
468,4
468,5
469,1
469,3
469,4
469,6
470,0
470,2
470,3
471,0
471,2
471,3
471,5
472,0
472,2
472,4
472,5
472,7
473,0
473,2
473,3
473,5
474,1
474,2
474,4
474,5
475,1
475,3
476,0
476,2
476,3
476,5
477,0
477,2
477,4
478,0
478,2
478,3
478,5
479,1
479,2
479,4
479,5
480,1
480,3
480,4
481,0
481,1
481,3
481,4
482,0
482,2
482,3
482,5
483,0
483,2
483,4
484,0
484,2
484,3
484,5
485,0
485,2
485,4
485,5
486,1
486,2
486,4
487,0
487,1
487,3
487,4
488,1
488,2
489,0
489,2
489,3
489,5
489,6
490,0
490,2
490,3
491,0
491,1
491,3
491,4
492,1
492,3
492,4
493,1
493,2
493,4
494,1
494,2
494,4
494,5
495,1
495,3
495,4
496,1
496,2
496,4
497,0
497,2
497,4
498,0
498,2
498,3
499,0
499,2
499,3
500,0
500,1
500,3
500,4
501,1
501,3
501,4
501,6
501,7
501,9
501,11
501,12
501,14
501,15
501,17
501,18
501,20
501,22
501,23
501,25
501,26
501,28
501,30
501,31
501,33
501,34
501,36
501,38
501,39
501,41
501,42
501,44
501,45
501,47
501,49
501,50
501,52
501,53
501,55
501,57
501,58
501,56
501,54
501,51
501,48
501,46
501,43
501,40
501,37
501,35
501,32
501,29
501,27
501,24
501,21
501,19
501,16
501,13
501,10
501,8
501,5
501,2
501,0
500,2
499,4
499,1
498,4
498,1
497,3
497,1
496,3
496,0
495,2
495,0
494,3
494,0
493,3
493,0
492,2
492,0
491,2
490,4
490,1
489,7
489,4
489,1
488,3
488,0
487,2
486,5
486,3
486,0
485,3
485,1
484,4
484,1
483,3
483,1
482,4
482,1
481,5
481,2
480,5
480,2
480,0
479,3
479,0
478,4
478,1
477,3
477,1
476,4
476,1
475,2
475,0
474,3
474,0
473,4
473,1
472,6
472,3
472,1
471,4
471,1
470,4
470,1
469,5
469,2
469,0
468,3
468,0
467,4
467,1
466,4
466,2
465,4
465,1
464,5
464,3
464,0
463,4
463,2
462,6
462,3
462,0
461,3
461,0
460,1
459,7
459,4
459,1
458,3
458,1
457,5
457,2
457,0
456,4
456,1
455,2
455,0
454,1
453,6
453,4
453,1
452,2
452,0
451,3
451,0
450,2
450,0
449,3
449,0
448,4
448,1
447,5
447,2
447,0
446,3
446,0
445,3
445,0
444,4
444,1
443,6
443,3
443,0
442,10
442,7
442,4
442,2
441,4
441,1
440,5
440,3
440,0
439,1
438,3
438,0
437,1
436,2
436,0
435,1
434,2
434,0
433,1
432,2
431,3
431,1
430,2
429,3
429,1
428,8
428,5
428,3
428,0
426,3
426,0
425,3
425,0
424,3
424,1
423,3
423,0
422,5
422,3
422,0
421,2
421,0
420,2
419,4
419,1
418,6
418,3
418,0
417,3
417,0
416,2
415,3
415,1
414,6
414,3
414,1
413,3
413,0
412,3
412,0
411,3
411,0
410,5
410,2
409,4
409,2
408,8
408,5
408,2
408,0
407,4
407,1
406,5
406,2
405,6
405,3
405,1
404,4
404,1
403,6
403,3
403,0
402,4
402,1
401,3
401,0
400,4
400,1
399,5
399,3
399,0
398,2
397,4
397,2
396,5
396,2
396,0
395,2
394,6
394,3
394,1
393,5
393,2
393,0
392,4
392,1
391,3
391,1
390,3
390,0
389,7
389,4
389,1
388,5
388,2
387,6
387,3
387,1
386,4
386,1
385,6
385,3
385,0
384,4
384,2
383,4
383,1
382,3
382,0
381,3
381,0
380,3
380,0
379,2
379,0
378,3
378,0
377,4
377,1
376,3
376,0
375,3
375,0
374,3
374,1
373,5
373,2
372,3
372,1
371,3
371,0
370,5
370,2
369,4
369,1
368,5
368,2
367,5
367,3
367,0
366,4
366,1
365,5
365,2
364,6
364,4
364,1
363,4
363,2
362,6
362,3
362,0
361,4
361,1
360,3
360,1
359,3
359,0
358,2
358,0
357,3
357,0
356,3
356,0
355,2
354,5
354,3
354,0
353,6
353,4
353,1
352,5
352,3
352,0
351,2
350,5
350,3
350,0
349,4
349,2
348,5
348,2
347,4
347,2
346,4
346,1
345,5
345,2
344,5
344,2
344,0
343,3
343,0
342,3
342,0
341,5
341,3
341,0
340,2
339,6
339,4
339,1
338,3
338,1
337,3
337,0
336,4
336,2
335,6
335,3
335,1
334,4
334,1
333,4
333,2
332,7
332,4
332,2
331,5
331,2
330,4
330,2
329,4
329,1
328,4
328,1
327,3
327,1
326,4
326,1
325,7
325,5
325,2
324,4
324,2
323,3
323,0
322,3
322,1
321,3
321,0
320,3
320,0
319,4
319,1
318,4
318,1
317,5
317,3
317,0
316,5
316,3
316,0
315,2
314,7
314,5
314,2
313,6
313,4
313,1
312,5
312,2
312,0
311,4
311,1
310,9
310,6
310,3
310,0
309,6
309,3
309,0
308,3
308,0
307,2
306,5
306,3
306,0
305,4
305,2
304,6
304,3
304,1
303,4
303,1
302,5
302,3
302,0
301,3
301,1
300,3
300,0
299,2
299,0
298,3
298,0
297,4
297,1
296,4
296,1
295,4
295,1
294,5
294,3
294,0
293,2
293,0
292,2
291,8
291,5
291,3
291,0
290,5
290,3
290,0
289,5
289,2
289,0
288,2
287,4
287,2
286,4
286,1
285,6
285,2
284,7
284,2
283,3
282,5
282,0
281,2
280,5
280,0
279,4
279,1
278,4
277,8
277,5
277,0
276,1
275,2
274,3
273,4
272,4
272,1
271,2
270,2
269,3
269,0
268,0
267,1
266,4
265,4
265,0
264,0
263,2
262,2
261,2
260,4
259,4
258,4
258,1
257,1
256,2
255,4
255,1
254,1
253,1
252,3
251,4
251,0
249,6
249,3
248,4
247,4
247,1
246,1
245,2
244,4
244,1
243,1
242,1
241,3
240,2
239,5
239,2
238,4
238,0
237,3
237,0
236,2
235,4
235,1
234,3
233,4
232,7
232,4
231,4
230,4
230,1
229,5
229,0
228,1
227,4
226,5
226,0
225,3
224,3
223,8
223,4
223,0
222,2
221,3
221,0
220,2
219,3
219,0
218,2
155,1
148,5
147,14
147,10
147,5
147,3
144,6
144,1
143,4
143,1
142,3
138,3
138,0
126,3
120,6
120,1
118,5
118,0
72,1
71,3
70,3
69,4
69,1
68,4
68,0
67,37
67,34
67,29
67,24
67,21
67,16
67,12
67,7
67,4
67,0
61,8
61,5
61,0
59,4
59,0
58,1
46,3
45,11
45,1
44,4
44,0
43,1
42,3
41,5
41,1
40,6
40,0
39,4
39,1
38,6
38,0
37,3
37,0
35,1
34,1
33,5
33,0
26,10
26,4
26,1
25,4
25,0
24,4
24,0
23,3
18,6
18,1
17,3
10,3
10,0
9,1
8,24
8,21
8,16
8,11
8,6
7,21
7,16
7,12
7,8
7,4
6,20
6,17
6,15
6,12
6,9
6,7
6,4
5,7
5,4
5,1
2,131
2,128
2,126
2,122
2,117
